Points360(1:100) = 5;
Points360(101:200) = 3;
Points360(201:300) = 1;
Points360(301:360) = 2;

