Points360(1:100) = 5;
